A=[0       -6      -70     0       -6      0       0       -6      0
0       -7      -90     0       -7      0       0       -7      0
0       -8      -110    0       -8      0       0       -8      0
0       -9      -130    0       -9      0       0       -9      0
0       -10     -150    0       -10     0       0       -10     0
0       -11     -170    0       -11     0       0       -11     0
0       -12     -190    0       -12     0       0       -12     0
0       -13     -210    0       -13     0       0       -13     0
0       -14     -230    0       -14     0       0       -14     0
0       -15     -250    0       -15     0       0       -15     0
0       -16     -270    0       -16     0       0       -16     0
0       -17     -290    0       -17     0       0       -17     0
0       -18     -310    0       -18     0       0       -18     0
0       -19     -330    0       -19     0       0       -19     0
0       -20     -350    0       -20     0       0       -20     0
0       -21     -370    0       -21     0       0       -21     0
0       -22     -390    0       -22     0       0       -22     0
0       -23     -410    0       -23     0       0       -23     0
0       -24     -430    0       -24     0       0       -24     0
0       -25     -450    0       -25     0       0       -25     0
0       -26     -470    0       -26     0       0       -26     0
0       -27     -490    0       -27     0       0       -27     0
0       -28     -510    0       -28     0       0       -28     0
0       -29     -530    0       -29     0       0       -29     0
0       -30     -550    0       -30     0       0       -30     0
0       -31     -570    0       -31     0       0       -31     0
0       -32     -590    0       -32     0       0       -32     0
0       -33     -610    0       -33     0       0       -33     0
0       -34     -630    0       -34     0       0       -34     0
0       -35     -650    0       -35     0       0       -35     0
0       -36     -670    0       -36     0       0       -36     0
0       -37     -690    0       -37     0       0       -37     0
0       -38     -710    0       -38     0       0       -38     0
0       -39     -730    0       -39     0       0       -39     0
0       -40     -750    0       -40     0       0       -40     0
0       -41     -770    0       -41     0       0       -41     0
0       -42     -790    0       -42     0       0       -42     0
0       -43     -810    0       -43     0       0       -43     0
0       -44     -830    0       -44     0       0       -44     0
0       -45     -850    0       -45     0       0       -45     0
0       -46     -870    0       -46     0       0       -46     0
0       -47     -890    0       -47     0       0       -47     0
0       -48     -910    0       -48     0       0       -48     0
0       -49     -930    0       -49     0       0       -49     0
0       -50     -950    0       -50     0       0       -50     0
0       -51     -970    0       -51     0       0       -51     0
0       -52     -990    0       -52     0       0       -52     0
0       -53     -1010   0       -54     0       0       -53     0
0       -54     -1030   0       -56     0       0       -55     0
0       -55     -1050   0       -58     0       0       -57     0
0       -56     -1070   0       -60     0       0       -59     0
0       -57     -1090   0       -62     0       0       -61     0
0       -58     -1110   0       -64     0       0       -63     0
0       -59     -1130   0       -66     0       0       -65     0
0       -61     -1150   0       -68     0       0       -67     0
0       -63     -1170   0       -70     0       0       -69     0
0       -65     -1190   0       -72     0       0       -71     0
0       -67     -1210   0       -74     0       0       -73     0
0       -69     -1230   0       -76     0       0       -75     0
0       -71     -1250   0       -78     0       0       -77     0
0       -73     -1270   0       -80     0       0       -79     0
0       -75     -1290   0       -82     0       0       -81     0
0       -77     -1310   0       -84     0       0       -83     0
0       -79     -1330   0       -86     0       0       -85     0
0       -81     -1350   0       -88     0       0       -87     0
0       -83     -1370   0       -90     0       0       -89     0
0       -84     -1390   0       -92     0       0       -91     0
0       -85     -1410   0       -94     0       0       -93     0
0       -86     -1430   0       -96     0       0       -95     0
0       -87     -1450   0       -98     0       -1      -96     0
0       -88     -1470   0       -99     0       -2      -97     0
0       -89     -1490   0       -100    0       -3      -98     0
0       -90     -1510   0       -101    0       -4      -99     0
0       -91     -1530   0       -102    0       -4      -100    0
0       -92     -1550   0       -103    0       -4      -101    0
0       -93     -1570   0       -104    0       -4      -102    0
0       -94     -1590   0       -105    0       -4      -103    0
0       -95     -1610   0       -106    0       -4      -104    0
0       -96     -1630   0       -107    0       -4      -105    0
0       -97     -1650   0       -108    0       -4      -106    0
0       -98     -1670   0       -109    0       -4      -107    0
0       -99     -1690   0       -110    0       -4      -108    0
0       -100    -1710   0       -111    0       -4      -109    0
0       -101    -1730   0       -112    0       -4      -110    0
0       -102    -1750   0       -113    0       -4      -110    0
0       -103    -1770   0       -113    0       -4      -110    0
0       -103    -1790   0       -113    0       -4      -110    0
0       -103    -1810   0       -113    0       -4      -110    0
0       -104    -1830   0       -113    0       -4      -110    0
0       -105    -1850   0       -113    0       -4      -110    0
0       -106    -1870   0       -113    0       -4      -111    0
0       -107    -1890   0       -114    0       -4      -112    0
0       -108    -1910   0       -115    0       -4      -113    0
0       -109    -1930   0       -116    0       -4      -114    0
1       -110    -1950   0       -117    0       -4      -115    0
2       -111    -1970   0       -118    0       -4      -116    0
3       -112    -1990   0       -119    0       -4      -117    0
4       -113    -2010   0       -120    0       -4      -118    0
4       -114    -2030   0       -121    0       -4      -119    0
4       -115    -2050   0       -122    0       -4      -120    0
4       -116    -2070   0       -123    0       -4      -121    0
4       -117    -2090   0       -124    0       -4      -122    0
4       -118    -2110   0       -125    0       -4      -123    0
4       -119    -2130   0       -126    0       -4      -124    0
4       -120    -2150   0       -127    0       -4      -125    0
4       -121    -2170   0       -128    0       -4      -126    0
4       -122    -2190   0       -129    0       -4      -127    0
4       -123    -2210   0       -130    0       -4      -128    0
4       -125    -2230   0       -131    0       -4      -129    0
4       -127    -2250   0       -133    0       -4      -131    0
4       -129    -2270   0       -135    0       -4      -133    0
4       -131    -2290   0       -137    0       -4      -135    0
4       -133    -2310   0       -139    0       -4      -137    0
4       -135    -2330   0       -141    0       -4      -139    0
4       -137    -2350   0       -143    0       -4      -141    0
4       -139    -2370   0       -145    0       -4      -143    0
4       -141    -2390   0       -147    0       -4      -145    0
4       -143    -2410   0       -149    0       -4      -147    0
4       -145    -2430   0       -151    0       -4      -149    0
4       -147    -2450   0       -153    0       -4      -151    0
4       -149    -2470   0       -155    0       -4      -153    0
