A=[0       0       1       0       0       -3      0       0       -3
0       0       5       0       0       -8      0       0       -8 
0       0       13      0       0       -15     0       0       -15
0       0       24      0       0       -23     0       0       -23
0       0       38      0       0       -29     0       0       -29
0       0       53      0       0       -33     0       0       -33
0       0       70      0       0       -36     0       0       -36
0       0       87      0       0       -38     0       0       -38
0       0       105     0       0       -39     0       0       -39
0       0       124     0       0       -40     0       0       -40
0       0       143     0       0       -41     0       0       -41
0       0       162     0       0       -41     0       0       -41
0       0       181     0       0       -41     0       0       -41
0       0       201     0       0       -41     0       0       -41
0       0       221     0       0       -41     0       0       -41
0       0       241     0       0       -41     0       0       -41
0       0       261     0       0       -41     0       0       -41
0       0       281     0       0       -41     0       0       -41
0       0       301     0       0       -41     0       0       -41
0       0       321     0       0       -41     0       0       -41
0       0       341     0       0       -41     0       0       -41
0       0       361     0       0       -41     0       0       -41
0       0       381     0       0       -41     0       0       -41
0       0       401     0       0       -41     0       0       -41
0       0       421     0       0       -41     0       0       -41
0       0       441     0       0       -41     0       0       -41
0       0       461     0       0       -41     0       0       -41
0       0       481     0       0       -41     0       0       -41
0       0       501     0       0       -41     0       0       -41
0       0       521     0       0       -41     0       0       -41
0       0       541     0       0       -41     0       0       -41
0       0       561     0       0       -41     0       0       -41
0       0       581     0       0       -41     0       0       -41
0       0       601     0       0       -41     0       0       -41
0       0       621     0       0       -41     0       0       -41
0       0       641     0       0       -41     0       0       -41
0       0       661     0       0       -41     0       0       -41
0       0       681     0       0       -41     0       0       -41
0       0       701     0       0       -41     0       0       -41
0       0       721     0       0       -41     0       0       -41
0       0       741     0       0       -41     0       0       -41
0       0       761     0       0       -41     0       0       -41
0       0       781     0       0       -41     0       0       -41
0       0       761     0       0       -41     0       0       -41
0       0       741     0       0       -41     0       0       -41
0       0       721     0       0       -41     0       0       -41
0       0       701     0       0       -41     0       0       -41
0       0       721     0       0       -41     0       0       -41
0       0       741     0       0       -41     0       0       -41
0       0       721     0       0       -41     0       0       -41
0       0       701     0       0       -41     0       0       -41
0       0       681     0       0       -41     0       0       -41
0       0       661     0       0       -41     0       0       -41
0       0       641     0       0       -41     0       0       -41
0       0       621     0       0       -41     0       0       -41
0       0       601     0       0       -41     0       0       -41
0       0       581     0       0       -41     0       0       -41
0       0       561     0       0       -41     0       0       -41
0       0       541     0       0       -41     0       0       -41
0       0       561     0       0       -41     0       0       -41
0       0       581     0       0       -41     0       0       -41
0       0       601     0       0       -41     0       0       -41
0       0       621     0       0       -41     0       0       -41
0       0       641     0       0       -41     0       0       -41
0       0       661     0       0       -41     0       0       -41
0       0       681     0       0       -41     0       0       -41
0       0       701     0       0       -41     0       0       -41
0       0       721     0       0       -41     0       0       -41
0       0       741     0       0       -41     0       0       -41
0       0       761     0       0       -41     0       0       -41
0       0       781     0       0       -41     0       0       -41
0       0       761     0       0       -41     0       0       -41
0       0       741     0       0       -41     0       0       -41
0       0       721     0       0       -41     0       0       -41
0       0       701     0       0       -41     0       0       -41
0       0       681     0       0       -41     0       0       -41
0       0       661     0       0       -41     0       0       -41
0       0       641     0       0       -41     0       0       -41
0       0       621     0       0       -41     0       0       -41
0       0       641     0       0       -41     0       0       -41
0       0       661     0       0       -41     0       0       -41
0       0       681     0       0       -41     0       0       -41
0       0       701     0       0       -41     0       0       -41
0       0       721     0       0       -41     0       0       -41
0       0       741     0       0       -41     0       0       -41
0       0       761     0       0       -41     0       0       -41
0       0       781     0       0       -41     0       0       -41
0       0       801     0       0       -41     0       0       -41
0       0       781     0       0       -41     0       0       -41
0       0       761     0       0       -41     0       0       -41
0       0       741     0       0       -41     0       0       -41
0       0       721     0       0       -41     0       0       -41
0       0       701     0       0       -41     0       0       -41
0       0       681     0       0       -41     0       0       -41
0       0       661     0       0       -41     0       0       -41
0       0       681     0       0       -41     0       0       -41
0       0       701     0       0       -41     0       0       -41
0       0       721     0       0       -41     0       0       -41
0       0       741     0       0       -41     0       0       -41
0       0       761     0       0       -41     0       0       -41
0       0       781     0       0       -41     0       0       -41
0       0       801     0       0       -41     0       0       -41
0       0       821     0       0       -41     0       0       -41
0       0       841     0       0       -41     0       0       -41
0       0       861     0       0       -41     0       0       -41
0       0       881     0       0       -41     0       0       -41
0       0       901     0       0       -41     0       0       -41
0       0       921     0       0       -41     0       0       -41
0       0       941     0       0       -41     0       0       -41
0       0       961     0       0       -41     0       0       -41
0       0       981     0       0       -41     0       0       -41
0       0       1001    0       0       -41     0       0       -41
0       0       1021    0       0       -41     0       0       -41
0       0       1041    0       0       -41     0       0       -41
0       0       1061    0       0       -41     0       0       -41
0       0       1081    0       0       -41     0       0       -41
0       0       1101    0       0       -41     0       0       -41
