A=[-13     6       8185    -5      2       -5      -5      2       -4
-11     4       8188    -3      0       -2      -3      0       -1
-8      4       8188    0       1       -2      0       1       -1
-12     3       8193    -4      0       2       -3      0       2
-10     4       8185    -2      1       -5      -2      1       -4
-12     9       8182    -4      6       -8      -4      6       -7
-11     7       8179    -3      4       -11     -3      4       -10
-12     5       8174    -4      2       -16     -4      2       -15
-10     3       8178    -2      0       -12     -2      0       -11
-9      4       8185    -1      2       -5      -1      2       -4
-6      11      8188    1       9       -2      0       8       -1
-5      9       8190    2       7       0       1       6       0
-9      4       8192    -1      2       1       0       1       1
-6      2       8185    1       0       -5      0       0       -5
-8      6       8185    0       4       -5      0       4       -4
-9      7       8181    -1      5       -9      -1      5       -8
-13     4       8184    -5      2       -6      -5      2       -5
-10     10      8188    -2      7       -2      -2      6       -1
-13     11      8185    -5      8       -5      -5      8       -4
-13     9       8182    -5      6       -8      -5      6       -7
-11     12      8181    -3      9       -9      -3      9       -8
-9      9       8176    -1      6       -14     -1      6       -13
-11     10      8177    -3      7       -13     -3      7       -12
-13     14      8176    -5      11      -14     -5      11      -13
-17     13      8179    -9      10      -11     -9      10      -10
-14     14      8180    -6      11      -10     -6      11      -9
-12     14      8184    -4      11      -6      -4      11      -5
-12     8       8188    -4      4       -2      -4      3       -1
-16     8       8186    -8      4       -4      -8      3       -3
-15     4       8190    -7      0       0       -6      0       0
-16     8       8192    -8      4       1       -7      3       1
-18     8       8188    -10     4       -2      -10     3       -1
-16     9       8193    -8      5       2       -7      4       2
-12     12      8184    -4      8       -6      -4      8       -5
-12     7       8181    -4      3       -9      -4      3       -8
-10     5       8176    -2      0       -14     -2      0       -13
-6      6       8179    1       1       -11     0       1       -10
-2      5       8178    5       0       -12     4       0       -12
-1      10      8179    6       5       -11     5       5       -11
-5      12      8182    2       6       -8      1       6       -7
-11     14      8183    -3      9       -7      -3      9       -6
-10     16      8184    -2      11      -6      -2      11      -5
-10     19      8186    -2      14      -4      -2      14      -3
-9      18      8180    -1      12      -10     -1      12      -9
-10     14      8177    -2      9       -13     -2      9       -12
-10     13      8179    -2      8       -11     -2      8       -10
-7      10      8184    0       4       -6      0       4       -5
-9      8       8188    -1      2       -2      -1      2       -1
-9      12      8189    -1      6       -1      -1      5       0
-11     12      8194    -3      6       3       -2      5       3
-14     12      8196    -6      7       5       -5      6       5
-13     18      8194    -5      13      3       -4      12      3
-13     24      8203    -5      18      12      -4      17      12
-16     19      8200    -8      13      9       -7      12      9
-13     18      8193    -5      12      2       -4      11      2
-10     18      8199    -2      12      8       -1      11      8
-12     21      8195    -4      15      4       -3      14      4
-17     21      8194    -9      15      3       -8      14      3
-16     19      8189    -8      13      -1      -7      12      0
-12     17      8185    -4      10      -5      -4      10      -4
-12     17      8186    -5      10      -4      -5      10      -3
-13     10      8186    -6      2       -4      -6      2       -3
-9      10      8188    -2      1       -2      -2      1       -1
-13     10      8187    -7      0       -3      -7      0       -2
-12     3       8190    -6      -11     0       -5      -10     0
-14     1       8197    -9      -18     6       -8      -18     5
-18     -5      8200    -15     -31     9       -14     -31     8
-164    -47     8251    -158    -80     60      -157    -80     59
-304    -224    8163    -292    -248    -27     -292    -247    -27
-419    -284    8154    -399    -304    -36     -399    -303    -35
-613    -367    8191    -587    -379    0       -587    -378    1
-802    -515    8148    -764    -518    -42     -764    -517    -38
-714    -545    8081    -668    -537    -109    -668    -536    -104
-919    -657    8187    -864    -638    -3      -864    -636    4
-869    -697    8164    -805    -672    -26     -806    -670    -17
-830    -771    8153    -758    -733    -37     -760    -730    -27
-931    -824    8219    -851    -779    28      -852    -776    40
-1141   -879    8276    -1051   -824    85      -1052   -819    101
-1195   -951    8180    -1095   -888    -10     -1098   -883    10
-1221   -989    8076    -1108   -919    -114    -1113   -915    -90
-1332   -1019   8136    -1207   -939    -54     -1212   -933    -26
-1463   -982    8131    -1328   -895    -59     -1333   -887    -27
-1309   -877    8183    -1166   -784    -7      -1171   -775    22
-1054   -793    8125    -908    -698    -64     -914    -690    -39
-829    -724    8162    -683    -628    -27     -689    -621    -7
-550    -663    8193    -407    -568    3       -412    -563    16
-439    -584    8199    -300    -490    9       -305    -486    19
-330    -604    8257    -192    -513    67      -196    -509    75
-220    -572    8188    -86     -482    -1      -91     -480    5
-47     -555    8110    82      -467    -80     76      -468    -76
-143    -517    8158    -12     -432    -32     -16     -432    -27
-522    -360    8208    -385    -281    17      -386    -277    26
-408    -222    8080    -269    -146    -110    -272    -144    -104
-145    -53     8067    -11     16      -123    -12     15      -122
114     62      8087    237     122     -103    236     118     -107
349     108     8163    463     161     -27     464     155     -34
372     219     8204    479     265     13      482     259     5
565     379     8168    664     409     -22     668     400     -31
658     502     8207    747     516     15      753     506     5
769     620     8243    847     613     51      855     601     43
765     824     8258    834     804     66      844     792     60
794     995     8202    853     956     10      865     944     8
889     1098    8239    938     1046    47      952     1032    47
1011    1258    8155    1047    1191    -36     1062    1177    -30
1139    1320    8141    1163    1236    -50     1178    1221    -40
1169    1348    8180    1183    1256    -11     1198    1241    0
1122    1382    8104    1127    1281    -86     1141    1269    -70
934     1362    8165    937     1254    -25     950     1244    -8
816     1337    8198    815     1222    7       826     1213    24
715     1252    8189    711     1132    -1      721     1125    15
740     1177    8189    732     1055    -1      741     1048    15
782     1065    8167    769     944     -23     777     937     -7
575     984     8163    562     869     -27     569     864     -14
485     855     8148    476     750     -42     481     746     -31
381     827     8159    372     729     -31     378     726     -21
318     737     8149    309     644     -41     314     641     -33
177     689     8155    171     600     -35     176     598     -28
74      597     8150    72      510     -40     77      509     -34
7       598     8139    7       513     -52     12      513     -46
